RT=1.339;
C=10460;

%Controller parameters
Kp = 612.4;
Ki = 6.638;
Kd = 1837;
N = 100;